Id;Color 3;
0;0
1;20
2;0
3;26
4;0
5;0
6;0
7;0
8;0
9;27
10;0
11;0
12;28
13;20
14;8
15;0
17;0
16;70
19;25
18;0
21;115
20;107
23;0
22;30
25;0
24;0
27;113
26;116
29;0
28;9
31;0
30;0
34;0
35;104
32;0
33;62
38;0
39;0
36;115
37;0
42;0
43;0
40;0
41;0
46;8
47;127
44;8
45;0
51;30
50;0
49;0
48;0
55;0
54;0
53;0
52;0
59;116
58;115
57;115
56;137
63;117
62;117
61;116
60;116
68;117
69;115
70;115
71;117
64;37
65;117
66;141
67;117
76;62
77;117
78;117
79;117
72;117
73;117
74;117
75;70
85;121
84;153
87;121
86;121
81;31
80;117
83;121
82;121
93;44
92;121
95;121
94;121
89;141
88;121
91;121
90;121
102;30
103;121
100;127
101;122
98;121
99;121
96;121
97;121
110;122
111;121
108;121
109;122
106;121
107;121
104;121
105;121
119;70
118;30
117;121
116;121
115;121
114;121
113;122
112;121
127;121
126;121
125;121
124;121
123;121
122;121
121;41
120;121
137;159
136;159
139;159
138;159
141;159
140;159
143;159
142;159
129;121
128;121
131;159
130;159
133;159
132;159
135;159
134;159
152;159
153;159
154;7
155;159
156;159
157;159
158;159
159;157
144;159
145;159
146;159
147;159
148;107
149;159
150;159
151;159
171;30
170;30
169;159
168;159
175;30
174;30
173;30
172;127
163;159
162;159
161;30
160;159
167;70
166;159
165;30
164;159
186;30
187;30
184;30
185;30
190;30
191;30
188;30
189;30
178;30
179;30
176;30
177;30
182;30
183;30
180;30
181;30
205;30
204;30
207;30
206;30
201;30
200;30
203;30
202;30
197;30
196;30
199;30
198;30
193;30
192;70
195;30
194;30
220;30
221;30
222;30
223;30
216;30
217;30
218;30
219;30
212;30
213;30
214;30
215;30
208;30
209;30
210;30
211;30
239;30
238;30
237;30
236;30
235;30
234;30
233;30
232;30
231;30
230;30
229;30
228;30
227;30
226;179
225;30
224;30
254;30
255;30
252;30
253;30
250;30
251;30
248;141
249;30
246;30
247;30
244;30
245;30
242;30
243;30
240;30
241;115
275;30
274;30
273;7
272;30
279;30
278;30
277;30
276;30
283;30
282;30
281;30
280;30
287;30
286;30
285;3
284;30
258;30
259;30
256;30
257;30
262;30
263;8
260;30
261;30
266;30
267;30
264;96
265;30
270;30
271;30
268;30
269;30
305;30
304;30
307;30
306;30
309;30
308;30
311;155
310;30
313;31
312;31
315;31
314;31
317;31
316;141
319;31
318;31
288;30
289;30
290;137
291;30
292;30
293;30
294;30
295;30
296;30
297;99
298;30
299;30
300;30
301;30
302;30
303;30
343;31
342;31
341;31
340;31
339;31
338;31
337;31
336;31
351;31
350;31
349;31
348;31
347;31
346;31
345;31
344;31
326;128
327;31
324;31
325;31
322;185
323;31
320;31
321;31
334;107
335;31
332;31
333;31
330;31
331;31
328;31
329;31
373;31
372;31
375;31
374;31
369;44
368;31
371;31
370;31
381;31
380;20
383;31
382;167
377;31
376;31
379;31
378;31
356;31
357;31
358;31
359;113
352;31
353;31
354;31
355;31
364;31
365;31
366;31
367;31
360;31
361;31
362;31
363;31
410;141
411;20
408;31
409;31
414;31
415;31
412;91
413;7
402;31
403;35
400;31
401;31
406;31
407;31
404;31
405;35
395;31
394;31
393;31
392;31
399;31
398;31
397;31
396;31
387;31
386;31
385;31
384;31
391;31
390;62
389;31
388;31
440;115
441;115
442;115
443;115
444;115
445;115
446;126
447;115
432;115
433;115
434;115
435;115
436;115
437;115
438;115
439;115
425;115
424;115
427;127
426;115
429;115
428;115
431;115
430;115
417;115
416;115
419;115
418;115
421;115
420;115
423;115
422;115
478;123
479;123
476;44
477;118
474;115
475;115
472;115
473;115
470;127
471;115
468;115
469;115
466;115
467;115
464;115
465;115
463;115
462;115
461;115
460;115
459;115
458;115
457;115
456;115
455;115
454;115
453;115
452;115
451;115
450;115
449;115
448;115
508;37
509;37
510;37
511;37
504;37
505;37
506;37
507;37
500;37
501;37
502;97
503;37
496;116
497;35
498;35
499;37
493;141
492;37
495;37
494;165
489;123
488;123
491;37
490;37
485;123
484;123
487;37
486;123
481;123
480;123
483;123
482;123
550;41
551;41
548;66
549;41
546;41
547;41
544;41
545;41
558;41
559;41
556;41
557;41
554;41
555;41
552;41
553;41
567;41
566;41
565;167
564;41
563;97
562;41
561;41
560;41
575;116
574;116
573;180
572;116
571;116
570;116
569;116
568;116
516;37
517;37
518;37
519;37
512;37
513;37
514;37
515;37
524;35
525;41
526;41
527;41
520;35
521;36
522;36
523;41
533;41
532;41
535;41
534;41
529;41
528;52
531;41
530;41
541;7
540;41
543;41
542;107
537;41
536;41
539;41
538;41
610;118
611;118
608;118
609;118
614;118
615;118
612;118
613;118
618;118
619;118
616;118
617;48
622;48
623;160
620;118
621;118
627;118
626;118
625;118
624;118
631;129
630;51
629;129
628;129
635;129
634;129
633;129
632;129
639;129
638;129
637;129
636;129
576;116
577;107
578;119
579;116
580;116
581;116
582;97
583;116
584;116
585;116
586;116
587;116
588;116
589;116
590;116
591;116
593;116
592;116
595;116
594;116
597;116
596;116
599;116
598;8
601;116
600;116
603;116
602;116
605;116
604;116
607;118
606;116
687;97
686;7
685;124
684;124
683;124
682;124
681;124
680;124
679;124
678;124
677;124
676;124
675;124
674;124
673;124
672;124
702;43
703;43
700;43
701;43
698;43
699;43
696;43
697;43
694;43
695;43
692;124
693;43
690;124
691;25
688;52
689;124
653;42
652;42
655;42
654;42
649;42
648;42
651;42
650;134
645;129
644;129
647;42
646;129
641;129
640;129
643;129
642;129
668;124
669;28
670;124
671;124
664;42
665;119
666;42
667;124
660;42
661;42
662;42
663;42
656;42
657;42
658;42
659;105
747;126
746;126
745;126
744;126
751;126
750;126
749;126
748;38
739;126
738;126
737;126
736;126
743;126
742;126
741;126
740;126
762;140
763;140
760;140
761;140
766;140
767;140
764;140
765;140
754;126
755;140
752;126
753;51
758;97
759;140
756;140
757;140
713;125
712;125
715;133
714;125
717;100
716;125
719;125
718;186
705;43
704;43
707;125
706;125
709;125
708;125
711;125
710;125
728;126
729;126
730;126
731;126
732;126
733;186
734;126
735;126
720;125
721;125
722;125
723;97
724;126
725;126
726;126
727;7
821;3
820;36
823;3
822;3
817;3
816;3
819;3
818;3
829;3
828;3
831;3
830;51
825;3
824;3
827;3
826;3
804;1
805;1
806;1
807;1
800;1
801;1
802;1
803;1
812;3
813;3
814;3
815;3
808;1
809;1
810;3
811;3
791;1
790;1
789;51
788;1
787;1
786;1
785;1
784;1
799;1
798;1
797;1
796;1
795;128
794;1
793;1
792;1
774;88
775;1
772;140
773;140
770;140
771;140
768;140
769;140
782;1
783;1
780;1
781;32
778;1
779;1
776;49
777;24
881;134
880;134
883;134
882;134
885;134
884;134
887;134
886;134
889;134
888;134
891;134
890;134
893;134
892;134
895;134
894;134
864;5
865;5
866;5
867;5
868;5
869;5
870;5
871;5
872;5
873;5
874;5
875;5
876;5
877;5
878;134
879;134
851;3
850;3
849;36
848;3
855;3
854;3
853;3
852;3
859;3
858;36
857;3
856;3
863;5
862;5
861;127
860;3
834;3
835;3
832;3
833;3
838;3
839;36
836;36
837;3
842;3
843;3
840;3
841;36
846;3
847;3
844;3
845;3
956;44
957;44
958;44
959;44
952;52
953;44
954;8
955;44
948;44
949;44
950;44
951;44
944;44
945;44
946;44
947;44
941;44
940;44
943;44
942;44
937;44
936;44
939;44
938;44
933;44
932;44
935;44
934;44
929;44
928;44
931;44
930;44
926;44
927;44
924;44
925;44
922;44
923;9
920;154
921;154
918;154
919;154
916;154
917;154
914;154
915;154
912;154
913;154
911;154
910;154
909;154
908;154
907;154
906;154
905;154
904;134
903;134
902;134
901;134
900;134
899;70
898;134
897;134
896;134
1016;177
1017;177
1018;177
1019;177
1020;177
1021;135
1022;135
1023;135
1008;167
1009;167
1010;167
1011;167
1012;139
1013;177
1014;177
1015;177
1001;167
1000;167
1003;167
1002;167
1005;167
1004;167
1007;167
1006;167
993;167
992;167
995;167
994;167
997;167
996;167
999;167
998;167
986;167
987;167
984;167
985;167
990;167
991;167
988;167
989;167
978;167
979;167
976;167
977;167
982;167
983;167
980;167
981;167
971;127
970;44
969;44
968;44
975;44
974;44
973;44
972;44
963;44
962;44
961;44
960;44
967;70
966;44
965;44
964;44
1100;34
1101;34
1102;34
1103;34
1096;34
1097;34
1098;34
1099;32
1092;32
1093;34
1094;34
1095;34
1088;6
1089;6
1090;34
1091;34
1117;34
1116;32
1119;34
1118;34
1113;8
1112;32
1115;70
1114;34
1109;8
1108;32
1111;32
1110;32
1105;34
1104;8
1107;32
1106;34
1134;32
1135;32
1132;32
1133;32
1130;32
1131;32
1128;34
1129;20
1126;34
1127;34
1124;34
1125;34
1122;34
1123;34
1120;34
1121;34
1151;34
1150;28
1149;34
1148;48
1147;34
1146;34
1145;34
1144;34
1143;34
1142;34
1141;34
1140;34
1139;32
1138;34
1137;34
1136;34
1032;97
1033;137
1034;137
1035;137
1036;155
1037;137
1038;137
1039;137
1024;135
1025;135
1026;135
1027;135
1028;135
1029;135
1030;135
1031;177
1049;137
1048;137
1051;137
1050;137
1053;137
1052;137
1055;137
1054;141
1041;137
1040;137
1043;137
1042;137
1045;137
1044;137
1047;137
1046;141
1066;6
1067;6
1064;6
1065;6
1070;6
1071;6
1068;6
1069;6
1058;137
1059;32
1056;137
1057;137
1062;6
1063;6
1060;6
1061;6
1083;6
1082;6
1081;6
1080;185
1087;6
1086;6
1085;6
1084;6
1075;6
1074;6
1073;6
1072;6
1079;185
1078;6
1077;6
1076;34
1221;28
1220;28
1223;28
1222;28
1217;28
1216;28
1219;28
1218;49
1229;28
1228;28
1231;28
1230;28
1225;28
1224;28
1227;28
1226;28
1236;28
1237;28
1238;28
1239;28
1232;28
1233;28
1234;28
1235;7
1244;28
1245;28
1246;28
1247;28
1240;28
1241;28
1242;28
1243;28
1255;28
1254;28
1253;28
1252;28
1251;28
1250;28
1249;28
1248;28
1263;28
1262;28
1261;28
1260;28
1259;28
1258;28
1257;28
1256;28
1270;28
1271;28
1268;28
1269;28
1266;28
1267;28
1264;28
1265;28
1278;28
1279;28
1276;28
1277;28
1274;28
1275;28
1272;28
1273;28
1153;34
1152;34
1155;34
1154;34
1157;51
1156;185
1159;91
1158;49
1161;91
1160;185
1163;111
1162;110
1165;185
1164;185
1167;52
1166;77
1168;67
1169;91
1170;77
1171;91
1172;91
1173;91
1174;51
1175;51
1176;51
1177;28
1178;28
1179;28
1180;7
1181;28
1182;28
1183;28
1187;28
1186;28
1185;28
1184;28
1191;28
1190;28
1189;28
1188;28
1195;28
1194;28
1193;28
1192;28
1199;49
1198;28
1197;28
1196;28
1202;28
1203;28
1200;49
1201;49
1206;28
1207;28
1204;28
1205;28
1210;28
1211;28
1208;28
1209;28
1214;28
1215;28
1212;28
1213;38
1375;38
1374;38
1373;38
1372;38
1371;133
1370;49
1369;49
1368;48
1367;38
1366;38
1365;7
1364;7
1363;48
1362;48
1361;38
1360;49
1358;7
1359;7
1356;174
1357;7
1354;60
1355;47
1352;47
1353;47
1350;75
1351;70
1348;70
1349;141
1346;47
1347;47
1344;47
1345;47
1405;38
1404;38
1407;66
1406;38
1401;38
1400;38
1403;187
1402;38
1397;38
1396;38
1399;38
1398;38
1393;38
1392;38
1395;38
1394;38
1388;38
1389;38
1390;38
1391;88
1384;38
1385;7
1386;38
1387;38
1380;96
1381;38
1382;49
1383;38
1376;38
1377;38
1378;7
1379;38
1307;46
1306;46
1305;46
1304;46
1311;46
1310;46
1309;48
1308;46
1299;48
1298;96
1297;52
1296;193
1303;28
1302;28
1301;193
1300;193
1290;28
1291;28
1288;49
1289;28
1294;28
1295;193
1292;7
1293;28
1282;28
1283;28
1280;28
1281;28
1286;28
1287;28
1284;28
1285;28
1337;47
1336;47
1339;47
1338;47
1341;47
1340;47
1343;47
1342;47
1329;47
1328;105
1331;47
1330;70
1333;47
1332;70
1335;47
1334;47
1320;46
1321;46
1322;46
1323;141
1324;47
1325;47
1326;70
1327;47
1312;46
1313;46
1314;46
1315;46
1316;46
1317;46
1318;46
1319;46
1494;48
1495;48
1492;48
1493;48
1490;48
1491;48
1488;48
1489;48
1502;49
1503;49
1500;49
1501;49
1498;48
1499;49
1496;48
1497;48
1479;48
1478;48
1477;48
1476;48
1475;48
1474;48
1473;48
1472;48
1487;48
1486;48
1485;48
1484;88
1483;48
1482;48
1481;48
1480;48
1524;99
1525;49
1526;49
1527;49
1520;49
1521;49
1522;49
1523;49
1532;49
1533;49
1534;49
1535;49
1528;49
1529;49
1530;20
1531;49
1509;49
1508;7
1511;49
1510;49
1505;49
1504;49
1507;49
1506;49
1517;49
1516;49
1519;49
1518;49
1513;49
1512;49
1515;49
1514;49
1426;38
1427;38
1424;38
1425;38
1430;48
1431;7
1428;48
1429;48
1434;180
1435;48
1432;48
1433;48
1438;48
1439;48
1436;8
1437;48
1411;38
1410;38
1409;38
1408;38
1415;38
1414;38
1413;38
1412;38
1419;38
1418;7
1417;38
1416;38
1423;38
1422;38
1421;38
1420;38
1456;48
1457;48
1458;48
1459;48
1460;48
1461;48
1462;48
1463;48
1464;48
1465;88
1466;51
1467;51
1468;48
1469;48
1470;88
1471;48
1441;48
1440;48
1443;48
1442;48
1445;48
1444;97
1447;7
1446;48
1449;48
1448;48
1451;48
1450;48
1453;48
1452;48
1455;48
1454;48
1642;50
1643;50
1640;50
1641;50
1646;55
1647;55
1644;55
1645;55
1634;52
1635;50
1632;51
1633;51
1638;99
1639;50
1636;50
1637;50
1659;62
1658;62
1657;62
1656;62
1663;62
1662;88
1661;62
1660;62
1651;55
1650;185
1649;185
1648;55
1655;55
1654;55
1653;62
1652;55
1608;51
1609;51
1610;51
1611;51
1612;51
1613;51
1614;51
1615;51
1600;27
1601;27
1602;27
1603;27
1604;51
1605;51
1606;51
1607;51
1625;51
1624;51
1627;51
1626;51
1629;51
1628;51
1631;51
1630;51
1617;51
1616;51
1619;51
1618;50
1621;51
1620;51
1623;51
1622;51
1582;27
1583;27
1580;27
1581;174
1578;27
1579;27
1576;88
1577;27
1574;27
1575;27
1572;27
1573;27
1570;27
1571;27
1568;27
1569;27
1599;27
1598;27
1597;27
1596;27
1595;27
1594;27
1593;27
1592;27
1591;27
1590;27
1589;27
1588;27
1587;27
1586;27
1585;27
1584;27
1548;49
1549;49
1550;49
1551;49
1544;49
1545;49
1546;49
1547;49
1540;97
1541;49
1542;49
1543;49
1536;49
1537;49
1538;49
1539;49
1565;27
1564;27
1567;70
1566;70
1561;20
1560;27
1563;27
1562;27
1557;27
1556;27
1559;27
1558;27
1553;27
1552;27
1555;27
1554;27
1763;7
1762;7
1761;7
1760;7
1767;97
1766;7
1765;7
1764;7
1771;7
1770;7
1769;7
1768;7
1775;8
1774;7
1773;7
1772;7
1778;7
1779;7
1776;7
1777;7
1782;7
1783;7
1780;7
1781;7
1786;7
1787;7
1784;7
1785;7
1790;7
1791;7
1788;7
1789;7
1729;62
1728;187
1731;62
1730;62
1733;62
1732;62
1735;62
1734;62
1737;7
1736;62
1739;7
1738;7
1741;7
1740;7
1743;7
1742;7
1744;7
1745;7
1746;7
1747;7
1748;7
1749;7
1750;7
1751;88
1752;7
1753;7
1754;7
1755;7
1756;7
1757;7
1758;7
1759;141
1703;60
1702;60
1701;60
1700;7
1699;60
1698;60
1697;60
1696;60
1711;62
1710;62
1709;62
1708;7
1707;62
1706;60
1705;185
1704;60
1718;62
1719;62
1716;62
1717;62
1714;62
1715;62
1712;62
1713;62
1726;61
1727;61
1724;62
1725;61
1722;62
1723;62
1720;7
1721;62
1669;130
1668;62
1671;130
1670;99
1665;194
1664;194
1667;61
1666;61
1677;156
1676;130
1679;130
1678;130
1673;130
1672;130
1675;130
1674;62
1684;127
1685;59
1686;59
1687;185
1680;130
1681;59
1682;59
1683;59
1692;59
1693;59
1694;60
1695;60
1688;59
1689;59
1690;40
1691;59
1913;185
1912;185
1915;194
1914;194
1917;94
1916;173
1919;194
1918;194
1905;67
1904;67
1907;52
1906;119
1909;185
1908;185
1911;175
1910;194
1896;67
1897;110
1898;110
1899;67
1900;67
1901;67
1902;67
1903;67
1888;67
1889;67
1890;67
1891;36
1892;67
1893;67
1894;67
1895;110
1883;67
1882;67
1881;67
1880;67
1887;67
1886;67
1885;67
1884;67
1875;67
1874;67
1873;67
1872;67
1879;67
1878;67
1877;67
1876;67
1866;66
1867;66
1864;185
1865;66
1870;67
1871;67
1868;66
1869;66
1858;66
1859;82
1856;66
1857;66
1862;66
1863;66
1860;66
1861;66
1853;66
1852;66
1855;66
1854;66
1849;66
1848;66
1851;66
1850;66
1845;66
1844;66
1847;66
1846;66
1841;66
1840;66
1843;66
1842;66
1836;66
1837;66
1838;66
1839;66
1832;91
1833;66
1834;66
1835;66
1828;63
1829;91
1830;185
1831;91
1824;63
1825;78
1826;63
1827;63
1823;63
1822;63
1821;63
1820;63
1819;63
1818;63
1817;63
1816;63
1815;63
1814;63
1813;150
1812;150
1811;150
1810;82
1809;150
1808;150
1806;150
1807;150
1804;150
1805;150
1802;7
1803;7
1800;7
1801;7
1798;7
1799;7
1796;7
1797;7
1794;7
1795;7
1792;7
1793;7
2032;107
2033;39
2034;39
2035;39
2036;39
2037;39
2038;88
2039;39
2040;39
2041;39
2042;39
2043;39
2044;39
2045;90
2046;75
2047;75
2017;39
2016;39
2019;39
2018;39
2021;39
2020;39
2023;39
2022;39
2025;39
2024;39
2027;39
2026;39
2029;39
2028;39
2031;88
2030;39
2002;185
2003;185
2000;185
2001;175
2006;185
2007;185
2004;185
2005;185
2010;97
2011;77
2008;185
2009;185
2014;40
2015;39
2012;77
2013;8
1987;70
1986;70
1985;70
1984;70
1991;70
1990;70
1989;26
1988;70
1995;70
1994;70
1993;70
1992;70
1999;185
1998;185
1997;185
1996;185
1972;70
1973;70
1974;70
1975;70
1968;70
1969;70
1970;70
1971;70
1980;70
1981;70
1982;70
1983;70
1976;70
1977;70
1978;70
1979;70
1957;70
1956;70
1959;70
1958;70
1953;70
1952;110
1955;70
1954;70
1965;70
1964;70
1967;70
1966;70
1961;70
1960;70
1963;70
1962;70
1942;185
1943;185
1940;185
1941;185
1938;185
1939;185
1936;185
1937;185
1950;110
1951;110
1948;110
1949;119
1946;110
1947;110
1944;110
1945;99
1927;156
1926;156
1925;156
1924;156
1923;156
1922;156
1921;156
1920;36
1935;185
1934;185
1933;156
1932;156
1931;156
1930;156
1929;156
1928;156
2200;8
2201;8
2202;8
2203;8
2204;8
2205;8
2206;8
2207;8
2192;8
2193;8
2194;8
2195;8
2196;8
2197;8
2198;8
2199;8
2185;8
2184;8
2187;97
2186;97
2189;8
2188;8
2191;8
2190;8
2177;52
2176;185
2179;8
2178;8
2181;8
2180;8
2183;8
2182;8
2234;8
2235;8
2232;8
2233;8
2238;8
2239;8
2236;8
2237;8
2226;8
2227;8
2224;8
2225;8
2230;8
2231;8
2228;8
2229;8
2219;8
2218;8
2217;8
2216;8
2223;8
2222;8
2221;8
2220;8
2211;8
2210;8
2209;8
2208;8
2215;8
2214;8
2213;8
2212;8
2268;86
2269;175
2270;86
2271;86
2264;86
2265;86
2266;86
2267;86
2260;8
2261;86
2262;86
2263;86
2256;8
2257;8
2258;8
2259;8
2253;8
2252;8
2255;8
2254;8
2249;8
2248;8
2251;8
2250;8
2245;8
2244;8
2247;8
2246;8
2241;8
2240;8
2243;8
2242;8
2302;88
2303;88
2300;88
2301;88
2298;88
2299;88
2296;88
2297;88
2294;97
2295;88
2292;88
2293;88
2290;88
2291;88
2288;88
2289;88
2287;88
2286;88
2285;88
2284;88
2283;88
2282;88
2281;88
2280;88
2279;88
2278;88
2277;88
2276;88
2275;88
2274;88
2273;185
2272;185
2065;75
2064;75
2067;75
2066;75
2069;75
2068;75
2071;75
2070;75
2073;77
2072;77
2075;77
2074;82
2077;165
2076;162
2079;162
2078;162
2048;75
2049;75
2050;180
2051;75
2052;75
2053;75
2054;75
2055;75
2056;75
2057;75
2058;35
2059;75
2060;88
2061;75
2062;75
2063;75
2099;78
2098;78
2097;78
2096;77
2103;78
2102;78
2101;78
2100;78
2107;78
2106;78
2105;78
2104;78
2111;78
2110;78
2109;78
2108;78
2082;162
2083;162
2080;162
2081;162
2086;162
2087;162
2084;162
2085;162
2090;77
2091;77
2088;162
2089;162
2094;77
2095;77
2092;77
2093;77
2133;40
2132;40
2135;40
2134;40
2129;88
2128;40
2131;40
2130;40
2141;40
2140;40
2143;40
2142;40
2137;40
2136;40
2139;40
2138;25
2116;78
2117;99
2118;78
2119;78
2112;78
2113;78
2114;78
2115;78
2124;78
2125;78
2126;82
2127;82
2120;78
2121;78
2122;78
2123;78
2167;84
2166;84
2165;84
2164;90
2163;84
2162;84
2161;84
2160;84
2175;185
2174;185
2173;185
2172;84
2171;84
2170;97
2169;84
2168;84
2150;82
2151;82
2148;82
2149;82
2146;40
2147;40
2144;40
2145;40
2158;82
2159;84
2156;82
2157;82
2154;82
2155;82
2152;82
2153;82
2443;174
2442;174
2441;174
2440;94
2447;174
2446;174
2445;174
2444;174
2435;94
2434;94
2433;94
2432;185
2439;94
2438;94
2437;94
2436;94
2458;174
2459;174
2456;174
2457;174
2462;119
2463;119
2460;174
2461;119
2450;174
2451;174
2448;174
2449;174
2454;174
2455;174
2452;174
2453;174
2473;119
2472;119
2475;164
2474;119
2477;119
2476;119
2479;119
2478;119
2465;119
2464;119
2467;119
2466;119
2469;119
2468;119
2471;119
2470;186
2488;97
2489;97
2490;97
2491;97
2492;97
2493;97
2494;97
2495;97
2480;119
2481;119
2482;119
2483;119
2484;119
2485;119
2486;119
2487;119
2511;97
2510;97
2509;97
2508;97
2507;97
2506;97
2505;97
2504;97
2503;97
2502;97
2501;97
2500;97
2499;97
2498;97
2497;97
2496;97
2526;97
2527;97
2524;97
2525;97
2522;97
2523;97
2520;97
2521;97
2518;97
2519;97
2516;97
2517;97
2514;97
2515;97
2512;97
2513;97
2541;175
2540;175
2543;175
2542;175
2537;97
2536;97
2539;175
2538;97
2533;97
2532;97
2535;97
2534;97
2529;97
2528;97
2531;97
2530;97
2556;99
2557;99
2558;99
2559;99
2552;99
2553;99
2554;99
2555;99
2548;175
2549;175
2550;175
2551;99
2544;175
2545;175
2546;175
2547;175
2306;88
2307;88
2304;88
2305;88
2310;88
2311;88
2308;88
2309;88
2314;88
2315;88
2312;88
2313;88
2318;88
2319;88
2316;88
2317;88
2323;88
2322;88
2321;88
2320;88
2327;88
2326;88
2325;88
2324;88
2331;88
2330;88
2329;88
2328;88
2335;88
2334;88
2333;88
2332;88
2336;88
2337;88
2338;88
2339;88
2340;88
2341;88
2342;88
2343;88
2344;88
2345;88
2346;169
2347;36
2348;110
2349;169
2350;186
2351;169
2353;169
2352;169
2355;169
2354;169
2357;169
2356;169
2359;169
2358;169
2361;169
2360;169
2363;169
2362;169
2365;90
2364;169
2367;90
2366;90
2374;90
2375;90
2372;35
2373;90
2370;90
2371;90
2368;90
2369;90
2382;90
2383;90
2380;90
2381;90
2378;90
2379;90
2376;97
2377;90
2391;91
2390;91
2389;91
2388;91
2387;91
2386;91
2385;91
2384;90
2399;91
2398;91
2397;91
2396;91
2395;91
2394;91
2393;91
2392;91
2404;91
2405;91
2406;91
2407;91
2400;91
2401;91
2402;91
2403;91
2412;99
2413;93
2414;93
2415;93
2408;91
2409;93
2410;93
2411;99
2421;93
2420;93
2423;185
2422;93
2417;93
2416;93
2419;93
2418;93
2429;185
2428;185
2431;185
2430;185
2425;185
2424;185
2427;185
2426;185
2750;179
2751;179
2748;179
2749;179
2746;179
2747;179
2744;179
2745;179
2742;179
2743;179
2740;179
2741;179
2738;179
2739;179
2736;179
2737;179
2735;179
2734;176
2733;176
2732;176
2731;176
2730;176
2729;176
2728;176
2727;176
2726;176
2725;176
2724;176
2723;176
2722;176
2721;176
2720;176
2716;176
2717;176
2718;176
2719;176
2712;176
2713;176
2714;187
2715;176
2708;176
2709;176
2710;176
2711;176
2704;176
2705;176
2706;176
2707;176
2701;24
2700;9
2703;176
2702;9
2697;20
2696;9
2699;9
2698;9
2693;20
2692;9
2695;9
2694;9
2689;9
2688;9
2691;9
2690;9
2810;127
2811;127
2808;127
2809;127
2814;127
2815;127
2812;127
2813;127
2802;127
2803;127
2800;127
2801;127
2806;127
2807;127
2804;127
2805;127
2795;113
2794;113
2793;113
2792;113
2799;127
2798;127
2797;127
2796;113
2787;113
2786;153
2785;186
2784;186
2791;113
2790;113
2789;113
2788;113
2776;186
2777;186
2778;186
2779;186
2780;186
2781;186
2782;186
2783;186
2768;186
2769;186
2770;186
2771;186
2772;186
2773;186
2774;186
2775;186
2761;186
2760;186
2763;186
2762;186
2765;186
2764;186
2767;186
2766;186
2753;186
2752;186
2755;186
2754;186
2757;186
2756;186
2759;186
2758;186
2615;26
2614;113
2613;165
2612;165
2611;165
2610;165
2609;165
2608;165
2623;165
2622;165
2621;165
2620;165
2619;165
2618;165
2617;165
2616;165
2598;165
2599;165
2596;165
2597;165
2594;165
2595;165
2592;165
2593;165
2606;165
2607;141
2604;165
2605;165
2602;165
2603;165
2600;165
2601;165
2581;165
2580;165
2583;165
2582;165
2577;99
2576;99
2579;99
2578;99
2589;165
2588;165
2591;165
2590;165
2585;165
2584;165
2587;165
2586;26
2564;99
2565;99
2566;99
2567;99
2560;99
2561;99
2562;99
2563;99
2572;99
2573;99
2574;99
2575;99
2568;99
2569;99
2570;99
2571;99
2675;9
2674;9
2673;9
2672;9
2679;9
2678;12
2677;9
2676;20
2683;9
2682;9
2681;9
2680;20
2687;9
2686;12
2685;20
2684;20
2658;26
2659;26
2656;26
2657;26
2662;26
2663;26
2660;26
2661;26
2666;20
2667;9
2664;9
2665;9
2670;9
2671;9
2668;9
2669;9
2641;26
2640;26
2643;26
2642;26
2645;26
2644;26
2647;26
2646;26
2649;26
2648;26
2651;26
2650;26
2653;26
2652;26
2655;26
2654;26
2624;26
2625;26
2626;26
2627;26
2628;26
2629;26
2630;26
2631;26
2632;26
2633;26
2634;26
2635;26
2636;26
2637;26
2638;26
2639;26
2989;138
2988;138
2991;138
2990;138
2985;138
2984;138
2987;138
2986;138
2981;138
2980;138
2983;138
2982;138
2977;138
2976;138
2979;138
2978;138
3004;11
3005;11
3006;12
3007;12
3000;11
3001;11
3002;11
3003;11
2996;11
2997;11
2998;11
2999;11
2992;20
2993;12
2994;11
2995;11
2959;180
2958;180
2957;180
2956;180
2955;180
2954;180
2953;180
2952;180
2951;180
2950;180
2949;180
2948;24
2947;180
2946;180
2945;180
2944;180
2974;138
2975;138
2972;138
2973;138
2970;138
2971;138
2968;180
2969;138
2966;180
2967;180
2964;180
2965;180
2962;180
2963;180
2960;180
2961;180
3049;20
3048;20
3051;20
3050;20
3053;20
3052;20
3055;20
3054;20
3041;20
3040;20
3043;20
3042;20
3045;20
3044;20
3047;20
3046;20
3064;20
3065;20
3066;20
3067;20
3068;20
3069;20
3070;20
3071;20
3056;20
3057;20
3058;20
3059;20
3060;20
3061;20
3062;20
3063;20
3019;20
3018;12
3017;12
3016;12
3023;12
3022;12
3021;12
3020;24
3011;20
3010;12
3009;12
3008;12
3015;12
3014;12
3013;12
3012;12
3034;20
3035;20
3032;24
3033;20
3038;20
3039;20
3036;20
3037;20
3026;12
3027;12
3024;12
3025;12
3030;20
3031;20
3028;12
3029;12
2852;141
2853;141
2854;141
2855;141
2848;141
2849;141
2850;141
2851;141
2860;141
2861;141
2862;141
2863;141
2856;141
2857;141
2858;141
2859;141
2869;141
2868;141
2871;141
2870;141
2865;141
2864;141
2867;141
2866;141
2877;141
2876;141
2879;141
2878;141
2873;141
2872;141
2875;141
2874;141
2822;127
2823;127
2820;127
2821;127
2818;127
2819;127
2816;127
2817;127
2830;127
2831;127
2828;127
2829;127
2826;127
2827;127
2824;127
2825;127
2839;127
2838;127
2837;127
2836;127
2835;127
2834;127
2833;127
2832;127
2847;141
2846;141
2845;127
2844;127
2843;127
2842;127
2841;127
2840;127
2912;35
2913;35
2914;35
2915;35
2916;24
2917;35
2918;35
2919;35
2920;35
2921;35
2922;35
2923;35
2924;35
2925;35
2926;35
2927;35
2929;35
2928;35
2931;35
2930;35
2933;35
2932;35
2935;35
2934;35
2937;35
2936;35
2939;35
2938;35
2941;35
2940;35
2943;180
2942;35
2882;141
2883;141
2880;141
2881;141
2886;141
2887;141
2884;141
2885;141
2890;141
2891;141
2888;141
2889;141
2894;141
2895;141
2892;141
2893;141
2899;141
2898;141
2897;141
2896;141
2903;35
2902;35
2901;141
2900;141
2907;35
2906;35
2905;35
2904;35
2911;35
2910;35
2909;35
2908;35
3284;100
3285;100
3286;100
3287;100
3280;100
3281;100
3282;100
3283;100
3292;102
3293;102
3294;102
3295;102
3288;102
3289;102
3290;102
3291;102
3269;36
3268;36
3271;100
3270;36
3265;36
3264;36
3267;36
3266;36
3277;100
3276;100
3279;100
3278;100
3273;100
3272;109
3275;100
3274;100
3318;102
3319;102
3316;102
3317;102
3314;102
3315;102
3312;102
3313;102
3326;102
3327;114
3324;102
3325;102
3322;102
3323;102
3320;109
3321;131
3303;102
3302;102
3301;102
3300;102
3299;102
3298;102
3297;102
3296;102
3311;187
3310;102
3309;102
3308;102
3307;102
3306;102
3305;102
3304;102
3216;133
3217;133
3218;133
3219;133
3220;36
3221;36
3222;36
3223;36
3224;36
3225;36
3226;36
3227;36
3228;36
3229;36
3230;36
3231;36
3201;133
3200;133
3203;133
3202;133
3205;133
3204;133
3207;133
3206;133
3209;133
3208;133
3211;133
3210;133
3213;133
3212;133
3215;133
3214;133
3250;36
3251;36
3248;36
3249;36
3254;36
3255;36
3252;36
3253;36
3258;36
3259;36
3256;36
3257;36
3262;36
3263;36
3260;36
3261;36
3235;36
3234;36
3233;36
3232;36
3239;36
3238;36
3237;36
3236;36
3243;36
3242;36
3241;36
3240;36
3247;36
3246;36
3245;36
3244;36
3165;133
3164;24
3167;133
3166;133
3161;24
3160;24
3163;24
3162;100
3157;24
3156;24
3159;24
3158;24
3153;24
3152;24
3155;24
3154;24
3148;24
3149;24
3150;24
3151;24
3144;24
3145;24
3146;24
3147;24
3140;24
3141;24
3142;24
3143;24
3136;24
3137;24
3138;24
3139;24
3199;133
3198;133
3197;133
3196;133
3195;133
3194;133
3193;133
3192;133
3191;133
3190;133
3189;133
3188;133
3187;133
3186;133
3185;133
3184;133
3182;133
3183;133
3180;133
3181;133
3178;133
3179;133
3176;133
3177;133
3174;133
3175;133
3172;133
3173;133
3170;133
3171;133
3168;133
3169;133
3097;20
3096;20
3099;20
3098;20
3101;20
3100;20
3103;20
3102;20
3089;20
3088;20
3091;20
3090;20
3093;20
3092;20
3095;20
3094;20
3080;20
3081;20
3082;20
3083;20
3084;20
3085;20
3086;20
3087;20
3072;20
3073;20
3074;20
3075;20
3076;20
3077;20
3078;20
3079;20
3131;24
3130;164
3129;23
3128;23
3135;24
3134;24
3133;24
3132;24
3123;23
3122;23
3121;23
3120;23
3127;153
3126;23
3125;23
3124;24
3114;23
3115;23
3112;23
3113;23
3118;23
3119;23
3116;23
3117;23
3106;20
3107;20
3104;20
3105;20
3110;23
3111;23
3108;24
3109;23
3527;160
3526;160
3525;160
3524;160
3523;160
3522;160
3521;160
3520;160
3535;160
3534;160
3533;160
3532;160
3531;160
3530;160
3529;160
3528;160
3542;107
3543;107
3540;107
3541;107
3538;160
3539;25
3536;160
3537;160
3550;107
3551;107
3548;107
3549;107
3546;107
3547;107
3544;107
3545;107
3557;107
3556;107
3559;107
3558;107
3553;107
3552;107
3555;107
3554;107
3565;107
3564;25
3567;107
3566;107
3561;107
3560;107
3563;25
3562;107
3572;25
3573;25
3574;25
3575;25
3568;107
3569;107
3570;25
3571;25
3580;25
3581;25
3582;25
3583;25
3576;25
3577;25
3578;25
3579;25
3459;106
3458;106
3457;106
3456;105
3463;25
3462;160
3461;106
3460;106
3467;106
3466;106
3465;106
3464;25
3471;106
3470;106
3469;106
3468;106
3474;106
3475;106
3472;106
3473;106
3478;106
3479;106
3476;106
3477;106
3482;132
3483;132
3480;107
3481;160
3486;107
3487;107
3484;107
3485;107
3489;107
3488;132
3491;132
3490;132
3493;132
3492;132
3495;107
3494;132
3497;160
3496;132
3499;160
3498;160
3501;160
3500;107
3503;160
3502;160
3504;160
3505;107
3506;160
3507;160
3508;160
3509;25
3510;107
3511;160
3512;160
3513;160
3514;25
3515;160
3516;160
3517;160
3518;160
3519;160
3406;128
3407;128
3404;104
3405;128
3402;128
3403;128
3400;128
3401;128
3398;104
3399;128
3396;128
3397;104
3394;160
3395;128
3392;106
3393;136
3423;104
3422;104
3421;104
3420;104
3419;128
3418;128
3417;128
3416;25
3415;107
3414;104
3413;128
3412;128
3411;128
3410;128
3409;104
3408;104
3436;128
3437;128
3438;128
3439;128
3432;107
3433;128
3434;128
3435;128
3428;109
3429;128
3430;128
3431;128
3424;104
3425;104
3426;107
3427;104
3453;105
3452;105
3455;105
3454;105
3449;105
3448;105
3451;105
3450;105
3445;105
3444;128
3447;105
3446;105
3441;128
3440;128
3443;128
3442;128
3338;114
3339;114
3336;114
3337;114
3342;114
3343;160
3340;114
3341;114
3330;114
3331;107
3328;114
3329;114
3334;114
3335;107
3332;114
3333;114
3355;160
3354;131
3353;131
3352;131
3359;131
3358;131
3357;131
3356;131
3347;107
3346;131
3345;131
3344;131
3351;107
3350;131
3349;131
3348;109
3368;131
3369;131
3370;131
3371;131
3372;131
3373;131
3374;136
3375;136
3360;107
3361;131
3362;107
3363;128
3364;131
3365;25
3366;131
3367;25
3385;136
3384;166
3387;136
3386;136
3389;136
3388;136
3391;107
3390;136
3377;136
3376;136
3379;136
3378;136
3381;136
3380;136
3383;136
3382;136
3826;166
3827;166
3824;166
3825;166
3830;166
3831;166
3828;166
3829;166
3834;166
3835;166
3832;166
3833;166
3838;166
3839;166
3836;166
3837;166
3811;155
3810;155
3809;155
3808;155
3815;155
3814;155
3813;155
3812;155
3819;166
3818;155
3817;155
3816;155
3823;166
3822;166
3821;166
3820;166
3792;164
3793;164
3794;164
3795;164
3796;164
3797;164
3798;164
3799;164
3800;164
3801;164
3802;155
3803;155
3804;155
3805;155
3806;155
3807;155
3777;164
3776;164
3779;164
3778;164
3781;164
3780;164
3783;164
3782;164
3785;164
3784;164
3787;164
3786;164
3789;164
3788;164
3791;164
3790;164
3766;153
3767;153
3764;153
3765;153
3762;153
3763;153
3760;153
3761;153
3774;153
3775;153
3772;153
3773;153
3770;153
3771;153
3768;153
3769;153
3751;163
3750;163
3749;163
3748;163
3747;163
3746;163
3745;163
3744;163
3759;153
3758;153
3757;153
3756;153
3755;153
3754;163
3753;163
3752;163
3732;163
3733;163
3734;163
3735;163
3728;163
3729;163
3730;163
3731;163
3740;163
3741;163
3742;163
3743;163
3736;163
3737;163
3738;163
3739;163
3717;187
3716;187
3719;187
3718;187
3713;187
3712;187
3715;187
3714;187
3725;163
3724;163
3727;163
3726;163
3721;187
3720;187
3723;187
3722;187
3707;187
3706;187
3705;187
3704;187
3711;187
3710;187
3709;187
3708;187
3699;187
3698;187
3697;187
3696;157
3703;187
3702;187
3701;187
3700;187
3690;157
3691;157
3688;157
3689;157
3694;157
3695;157
3692;157
3693;157
3682;157
3683;157
3680;157
3681;157
3686;157
3687;157
3684;157
3685;157
3673;173
3672;173
3675;173
3674;173
3677;157
3676;157
3679;157
3678;157
3665;173
3664;173
3667;173
3666;173
3669;173
3668;173
3671;173
3670;173
3656;173
3657;173
3658;173
3659;173
3660;173
3661;173
3662;173
3663;173
3648;173
3649;173
3650;173
3651;173
3652;173
3653;173
3654;173
3655;173
3647;173
3646;173
3645;111
3644;111
3643;111
3642;111
3641;111
3640;111
3639;110
3638;110
3637;110
3636;110
3635;110
3634;110
3633;110
3632;110
3630;110
3631;110
3628;110
3629;110
3626;107
3627;110
3624;107
3625;107
3622;107
3623;107
3620;109
3621;109
3618;109
3619;109
3616;109
3617;109
3613;109
3612;109
3615;109
3614;109
3609;109
3608;109
3611;109
3610;109
3605;109
3604;109
3607;109
3606;109
3601;109
3600;25
3603;109
3602;109
3596;25
3597;25
3598;25
3599;25
3592;25
3593;25
3594;25
3595;25
3588;25
3589;25
3590;25
3591;25
3584;25
3585;25
3586;25
3587;25
3880;112
3881;112
3882;112
3876;112
3877;112
3878;112
3879;112
3872;112
3873;112
3874;112
3875;112
3854;120
3855;120
3852;120
3853;120
3850;120
3851;120
3848;166
3849;166
3846;166
3847;166
3844;166
3845;166
3842;166
3843;166
3840;166
3841;166
3871;112
3870;120
3869;120
3868;120
3867;120
3866;120
3865;120
3864;120
3863;120
3862;120
3861;120
3860;120
3859;120
3858;120
3857;120
3856;120
